Locations:
- -249.0,62.0,2106.0,0.0,0.0,SlimeWorld
- -250.0,66.0,2114.0,0.0,0.0,SlimeWorld
- -244.0,62.0,2106.0,0.0,0.0,SlimeWorld
- -246.0,62.0,2108.0,0.0,0.0,SlimeWorld
- -249.0,62.0,2118.0,0.0,0.0,SlimeWorld
- -235.0,62.0,2108.0,0.0,0.0,SlimeWorld
- -275.0,68.0,2090.0,0.0,0.0,SlimeWorld
- -248.0,62.0,2122.0,0.0,0.0,SlimeWorld
- -236.0,62.0,2110.0,0.0,0.0,SlimeWorld
- -263.0,67.0,2110.0,0.0,0.0,SlimeWorld
- -249.0,62.0,2126.0,0.0,0.0,SlimeWorld
- -249.0,62.0,2130.0,0.0,0.0,SlimeWorld
- -236.0,62.0,2118.0,0.0,0.0,SlimeWorld
- -235.0,62.0,2118.0,0.0,0.0,SlimeWorld
- -238.0,62.0,2122.0,0.0,0.0,SlimeWorld
- -243.0,62.0,2128.0,0.0,0.0,SlimeWorld
- -241.0,62.0,2128.0,0.0,0.0,SlimeWorld
- -269.0,70.0,2099.0,0.0,0.0,SlimeWorld
- -233.0,62.0,2126.0,0.0,0.0,SlimeWorld
- -252.0,63.0,2116.0,0.0,0.0,SlimeWorld
- -240.0,62.0,2138.0,0.0,0.0,SlimeWorld
- -235.0,62.0,2134.0,0.0,0.0,SlimeWorld
- -252.0,65.0,2123.0,0.0,0.0,SlimeWorld
- -274.0,69.0,2090.0,0.0,0.0,SlimeWorld
- -1477.0,87.0,2029.0,0.0,0.0,SlimeWorld
- -241.0,66.0,2097.0,0.0,0.0,SlimeWorld
- -254.0,62.0,2111.0,0.0,0.0,SlimeWorld
- -249.0,62.0,2105.0,0.0,0.0,SlimeWorld
- -245.0,62.0,2103.0,0.0,0.0,SlimeWorld
- -253.0,62.0,2111.0,0.0,0.0,SlimeWorld
- -245.0,62.0,2105.0,0.0,0.0,SlimeWorld
- -247.0,62.0,2107.0,0.0,0.0,SlimeWorld
- -255.0,62.0,2117.0,0.0,0.0,SlimeWorld
- -240.0,62.0,2105.0,0.0,0.0,SlimeWorld
- -237.0,62.0,2103.0,0.0,0.0,SlimeWorld
- -855.0,58.0,2144.0,0.0,0.0,SlimeWorld
- -263.0,67.0,2107.0,0.0,0.0,SlimeWorld
- -247.0,66.0,2121.0,0.0,0.0,SlimeWorld
- -267.0,62.0,2076.0,0.0,0.0,SlimeWorld
- -69.0,63.0,258.0,0.0,0.0,SlimeWorld_nether
- -736.0,68.0,2043.0,0.0,0.0,SlimeWorld
- -239.0,62.0,2115.0,0.0,0.0,SlimeWorld
- -247.0,62.0,2123.0,0.0,0.0,SlimeWorld
- -263.0,65.0,2110.0,0.0,0.0,SlimeWorld
- -263.0,65.0,2112.0,0.0,0.0,SlimeWorld
- -274.0,70.0,2102.0,0.0,0.0,SlimeWorld
- -236.0,62.0,2125.0,0.0,0.0,SlimeWorld
- -239.0,62.0,2129.0,0.0,0.0,SlimeWorld
- -241.0,62.0,2141.0,0.0,0.0,SlimeWorld
- -234.0,62.0,2135.0,0.0,0.0,SlimeWorld
- -751.0,69.0,2053.0,0.0,0.0,SlimeWorld
- -235.0,62.0,2141.0,0.0,0.0,SlimeWorld
- -88.0,80.0,231.0,0.0,0.0,SlimeWorld_nether
